321 Гордеев Илья Вячеславович 2002 5 5 5 4 4
121 Адилгереев Владимир Инокетьевич 2001 5 5 5 5 5
411 Адилгереев Владимир Инокетьевич 2002 5 4 5 5 5
141 Злонравов Алексей Грязнопавлович 2001 5 3 3 3 3
251 Захаров Олег Викторович 2002 3 3 3 3 3
332 Сухова Екатерина Алексеевна 2002 4 4 5 4 5
151 Адилгереев Владимир Инокетьевич 2000 5 5 5 3 4
141 Хорошист Афанасий Романович 2002 2 3 5 4 4
141 Мамедов Рустам Нураддинович 2002 5 5 5 5 5
122 Железнодорожный Матвей Поездович 2001 4 4 4 4 4 
172 Щербаков Аркадий Святославович 2002 3 3 3 2 3
111 Дорохоа Александр Ризенштейн 2001 5 3 5 3 5
112 Зищенко Мария Фёдоровна 2002 4 5 4 5 5
341 Павлов Роман Иванович 2002 5 5 5 5 5 
242 Электий Димитрий Виссарионович 2002 3 3 3 3 3 
